0.040337979793548584 0.55607825517654419 0.025970060378313065 -0.094380959868431091 -0.80128884315490723 0.014227120205760002 0.59061497449874878
0.040337987244129181 0.55607825517654419 0.025970064103603363 -0.094380959868431091 -0.80128884315490723 0.014227120205760002 0.59061497449874878
0.0317184217274189 0.58957666158676147 0.026695441454648972 -0.065847247838974 -0.77639085054397583 -0.0034066620282828808 0.62679344415664673
0.021534988656640053 0.62928199768066406 0.02756987139582634 -0.032290767878293991 -0.74403327703475952 -0.023607542738318443 0.66694420576095581
0.01218896172940731 0.66778063774108887 0.028653070330619812 -0.0078980494290590286 -0.71366745233535767 -0.032282870262861252 0.699695885181427
0.0039292206056416035 0.71382397413253784 0.03045385517179966 0.00081608764594420791 -0.69310766458511353 -0.021841632202267647 0.72050261497497559
-0.003493165597319603 0.7586599588394165 0.03246341273188591 0.00023117716773413122 -0.67698633670806885 3.9092454244382679E-05 0.73599553108215332
-0.0084236776456236839 0.76862436532974243 0.03321501612663269 -0.0045255566947162151 -0.65709298849105835 0.024348368868231773 0.753402590751648
-0.00877933669835329 0.70886552333831787 0.029440093785524368 -0.016868060454726219 -0.62269747257232666 0.053577177226543427 0.78044396638870239
-0.0066431364975869656 0.61424493789672852 0.024407213553786278 -0.0333237461745739 -0.58297401666641235 0.085045725107193 0.807340145111084
-0.0066096289083361626 0.55565559864044189 0.026455409824848175 -0.038509909063577652 -0.5628354549407959 0.10230490565299988 0.81930893659591675
-0.012819839641451836 0.56908112764358521 0.044981371611356735 -0.019450128078460693 -0.57872933149337769 0.095480181276798248 0.80967742204666138
-0.021132761612534523 0.61856657266616821 0.070588476955890656 0.010811514221131802 -0.61442559957504272 0.074433870613574982 0.78538137674331665
-0.023719765245914459 0.6670188307762146 0.083425447344779968 0.028451155871152878 -0.64968878030776978 0.053068321198225021 0.757811963558197
-0.015885390341281891 0.71331650018692017 0.070453263819217682 0.0225300882011652 -0.6800658106803894 0.033863108605146408 0.73202192783355713
-0.0023250831291079521 0.75851207971572876 0.044710952788591385 0.0039770780131220818 -0.71032410860061646 0.014503268525004387 0.70371419191360474
0.010703172534704208 0.768754780292511 0.025464899837970734 -0.017965657636523247 -0.7376592755317688 0.0021386756561696529 0.67493069171905518
0.021484902128577232 0.7172093391418457 0.021311849355697632 -0.04270210862159729 -0.76238250732421875 0.0017118887044489384 0.64571398496627808
0.031734649091959 0.63073998689651489 0.023654986172914505 -0.070723235607147217 -0.78425753116607666 0.008311285637319088 0.61633533239364624
0.040337987244129181 0.55607825517654419 0.025970056653022766 -0.094380959868431091 -0.80128884315490723 0.014227120205760002 0.59061497449874878
0.040337987244129181 0.55607825517654419 0.025970064103603363 -0.094380974769592285 -0.801288902759552 0.014227122068405151 0.59061503410339355
