0.01328276377171278 0.54939591884613037 -0.0049607753753662109 0.1398836225271225 -0.90431129932403564 0.00599575974047184 0.40325883030891418
0.013282762840390205 0.54939591884613037 -0.0049607753753662109 0.1398836225271225 -0.90431129932403564 0.00599575974047184 0.40325883030891418
0.012097945436835289 0.54705178737640381 -0.007120299618691206 0.13213683664798737 -0.9054756760597229 0.0094477664679288864 0.40319272875785828
0.01079137995839119 0.54451262950897217 -0.0095017282292246819 0.12319517880678177 -0.90673553943634033 0.013426017016172409 0.40307989716529846
0.0093860598281025887 0.54182630777359009 -0.012063154019415379 0.11385755240917206 -0.90795528888702393 0.017573351040482521 0.40292039513587952
0.0079049291089177132 0.53904122114181519 -0.01476275734603405 0.10492726415395737 -0.9090304970741272 0.021533016115427017 0.40272822976112366
0.0063709830865263939 0.536206066608429 -0.01755862683057785 0.0972113311290741 -0.90988808870315552 0.0249489676207304 0.40253108739852905
0.0048071630299091339 0.53336930274963379 -0.02040894515812397 0.09151894599199295 -0.91047829389572144 0.0274659376591444 0.4023672342300415
0.0032364653889089823 0.5305485725402832 -0.023271799087524414 0.08719257265329361 -0.91090267896652222 0.029377125203609467 0.40223217010498047
0.001681833527982235 0.52775031328201294 -0.026105368509888649 0.083059683442115784 -0.91128891706466675 0.031201407313346863 0.40209487080574036
0.00016626156866550446 0.52500671148300171 -0.028867745772004128 0.079157628118991852 -0.91163605451583862 0.032922510057687759 0.40195754170417786
-0.001287293154746294 0.5223497748374939 -0.031517088413238525 0.07552386075258255 -0.91194427013397217 0.034524176269769669 0.40182316303253174
-0.0026558758690953255 0.51981163024902344 -0.034011553972959518 0.07219579815864563 -0.91221386194229126 0.0359901487827301 0.40169456601142883
-0.0039164908230304718 0.51742452383041382 -0.036309231072664261 0.069210797548294067 -0.91244512796401978 0.037304218858480453 0.40157464146614075
-0.0050461930222809315 0.5152205228805542 -0.038368299603462219 0.0666062980890274 -0.91263896226882935 0.0384502112865448 0.4014664888381958
-0.0060219923034310341 0.51323169469833374 -0.040146857500076294 0.064419649541378021 -0.91279596090316772 0.039411921054124832 0.40137329697608948
-0.0068209385499358177 0.51149022579193115 -0.041603066027164459 0.062688149511814117 -0.91291642189025879 0.040173165500164032 0.40129777789115906
-0.007420046254992485 0.51002812385559082 -0.042695038020610809 0.06144912913441658 -0.91300070285797119 0.040717747062444687 0.40124285221099854
-0.0077963583171367645 0.50887763500213623 -0.043380927294492722 0.06073983758687973 -0.91304820775985718 0.041029449552297592 0.40121123194694519
-0.0079268980771303177 0.50807082653045654 -0.043618857860565186 0.060597442090511322 -0.91305756568908691 0.04109201580286026 0.40120473504066467
-0.0078533757477998734 0.50767064094543457 -0.043484851717948914 0.060971964150667191 -0.91303277015686035 0.040927443653345108 0.40122160315513611
-0.0076391920447349548 0.507691502571106 -0.043094463646411896 0.061767082661390305 -0.91297918558120728 0.04057801142334938 0.40125703811645508
-0.0072939218953251839 0.50809258222579956 -0.042465154081583023 0.062950469553470612 -0.91289842128753662 0.040057849138975143 0.4013093113899231
-0.0068271392956376076 0.50883346796035767 -0.041614368557929993 0.064489789307117462 -0.91279095411300659 0.039381075650453568 0.40137627720832825
-0.0062484107911586761 0.50987321138381958 -0.040559541434049606 0.066352613270282745 -0.91265743970870972 0.03856179490685463 0.401455819606781
-0.005567322950810194 0.51117110252380371 -0.03931814432144165 0.068506591022014618 -0.91249823570251465 0.0376141332089901 0.40154570341110229
-0.0047934441827237606 0.51268649101257324 -0.037907622754573822 0.070919297635555267 -0.91231393814086914 0.03655218705534935 0.40164372324943542
-0.0039363359101116657 0.51437872648239136 -0.036345403641462326 0.073558330535888672 -0.9121050238609314 0.035390079021453857 0.40174788236618042
-0.00300559401512146 0.51620697975158691 -0.034648973494768143 0.0763912945985794 -0.91187202930450439 0.034141935408115387 0.40185579657554626
-0.0020107808522880077 0.51813054084777832 -0.032835766673088074 0.079385802149772644 -0.911616325378418 0.032821912318468094 0.40196582674980164
-0.00096145877614617348 0.52010875940322876 -0.030923202633857727 0.082509472966194153 -0.91133886575698853 0.031444162130355835 0.40207588672637939
0.00013277400285005569 0.52210104465484619 -0.028928786516189575 0.085730016231536865 -0.91104161739349365 0.0300228763371706 0.40218454599380493
0.00126235606148839 0.52406644821166992 -0.026869935914874077 0.089014992117881775 -0.91072642803192139 0.028572246432304382 0.40229013562202454
0.0024177269078791142 0.52596437931060791 -0.024764085188508034 0.092332206666469574 -0.91039609909057617 0.027106497436761856 0.40239149332046509
0.0035892862360924482 0.52775412797927856 -0.022628724575042725 0.095649413764476776 -0.910053551197052 0.025639858096837997 0.40248763561248779
0.0047674733214080334 0.52964335680007935 -0.020481286570429802 0.0993444100022316 -0.90965771675109863 0.02400512807071209 0.40258851647377014
0.0059427288360893726 0.53182125091552734 -0.018339190632104874 0.10371130704879761 -0.90917021036148071 0.022071681916713715 0.40269914269447327
0.0071054510772228241 0.53421932458877563 -0.016219940036535263 0.10859235376119614 -0.90860003232955933 0.019908728078007698 0.40281176567077637
0.0082460790872573853 0.53676897287368774 -0.014140956103801727 0.11383019387722015 -0.90795880556106567 0.017585501074790955 0.40291991829872131
0.0093550533056259155 0.5394018292427063 -0.012119668535888195 0.11926749348640442 -0.9072604775428772 0.015171391889452934 0.40301802754402161
0.010422774590551853 0.5420493483543396 -0.010173574090003967 0.12474758177995682 -0.90652322769165039 0.012735813856124878 0.40310227870941162
0.011439681053161621 0.5446431040763855 -0.00832009594887495 0.13011403381824493 -0.90576857328414917 0.010348325595259666 0.403170645236969
0.012396208941936493 0.54711472988128662 -0.00657666614279151 0.13521115481853485 -0.90502172708511353 0.0080784372985363 0.40322253108024597
0.013282764703035355 0.54939591884613037 -0.0049607735127210617 0.1398836225271225 -0.90431129932403564 0.00599575974047184 0.40325886011123657
0.013282764703035355 0.54939591884613037 -0.0049607809633016586 0.1398836076259613 -0.90431129932403564 0.00599575974047184 0.40325883030891418
